7000000123
7000000124
7000000125
7000000126
7000000127
7000000128
7000000129
7000000132
7000000134
7000000135
7000000136
7000000137
7000000138
7000000139
7000000142
7000000143
7000000145
7000000146
7000000147
7000000148
7000000149
7000000152
7000000153
7000000154
7000000156
7000000157
7000000158
7000000159
7000000162
7000000163
7000000164
7000000165
7000000167
7000000168
7000000169
7000000172
7000000173
7000000174
7000000175
7000000176
7000000178
7000000179
7000000182
7000000183
7000000184
7000000185
7000000186
7000000187
7000000189
7000000192
7000000193
7000000194
7000000195
7000000196
7000000197
7000000198
7000000213
7000000214
7000000215
7000000216
7000000217
7000000218
7000000219
7000000231
7000000234
7000000235
7000000236
7000000237
7000000238
7000000239
7000000241
7000000243
7000000245
7000000246
7000000247
7000000248
7000000249
7000000251
7000000253
7000000254
7000000256
7000000257
7000000258
7000000259
7000000261
7000000263
7000000264
7000000265
7000000267
7000000268
7000000269
7000000271
7000000273
7000000274
7000000275
7000000276
7000000278
7000000279
7000000281
7000000283
7000000284
7000000285
7000000286
7000000287
7000000289
7000000291
7000000293
7000000294
7000000295
7000000296
7000000297
7000000298
7000000312
7000000314
7000000315
7000000316
7000000317
7000000318
7000000319
7000000321
7000000324
7000000325
7000000326
7000000327
7000000328
7000000329
7000000341
7000000342
7000000345
7000000346
7000000347
7000000348
7000000349
7000000351
7000000352
7000000354
7000000356
7000000357
7000000358
7000000359
7000000361
7000000362
7000000364
7000000365
7000000367
7000000368
7000000369
7000000371
7000000372
7000000374
7000000375
7000000376
7000000378
7000000379
7000000381
7000000382
7000000384
7000000385
7000000386
7000000387
7000000389
7000000391
7000000392
7000000394
7000000395
7000000396
7000000397
7000000398
7000000412
7000000413
7000000415
7000000416
7000000417
7000000418
7000000419
7000000421
7000000423
7000000425
7000000426
7000000427
7000000428
7000000429
7000000431
7000000432
7000000435
7000000436
7000000437
7000000438
7000000439
7000000451
7000000452
7000000453
7000000456
7000000457
7000000458
7000000459
7000000461
7000000462
7000000463
7000000465
7000000467
7000000468
7000000469
7000000471
7000000472
7000000473
7000000475
7000000476
7000000478
7000000479
7000000481
7000000482
7000000483
7000000485
7000000486
7000000487
7000000489
7000000491
7000000492
7000000493
7000000495
7000000496
7000000497
7000000498
7000000512
7000000513
7000000514
7000000516
7000000517
7000000518
7000000519
7000000521
7000000523
7000000524
7000000526
7000000527
7000000528
7000000529
7000000531
7000000532
7000000534
7000000536
7000000537
7000000538
7000000539
7000000541
7000000542
7000000543
7000000546
7000000547
7000000548
7000000549
7000000561
7000000562
7000000563
7000000564
7000000567
7000000568
7000000569
7000000571
7000000572
7000000573
7000000574
7000000576
7000000578
7000000579
7000000581
7000000582
7000000583
7000000584
7000000586
7000000587
7000000589
7000000591
7000000592
7000000593
7000000594
7000000596
7000000597
7000000598
7000000612
7000000613
7000000614
7000000615
7000000617
7000000618
7000000619
7000000621
7000000623
7000000624
7000000625
7000000627
7000000628
7000000629
7000000631
7000000632
7000000634
7000000635
7000000637
7000000638
7000000639
7000000641
7000000642
7000000643
7000000645
7000000647
7000000648
7000000649
7000000651
7000000652
7000000653
7000000654
7000000657
7000000658
7000000659
7000000671
7000000672
7000000673
7000000674
7000000675
7000000678
7000000679
7000000681
7000000682
7000000683
7000000684
7000000685
7000000687
7000000689
7000000691
7000000692
7000000693
7000000694
7000000695
7000000697
7000000698
7000000712
7000000713
7000000714
7000000715
7000000716
7000000718
7000000719
7000000721
7000000723
7000000724
7000000725
7000000726
7000000728
7000000729
7000000731
7000000732
7000000734
7000000735
7000000736
7000000738
7000000739
7000000741
7000000742
7000000743
7000000745
7000000746
7000000748
7000000749
7000000751
7000000752
7000000753
7000000754
7000000756
7000000758
7000000759
7000000761
7000000762
7000000763
7000000764
7000000765
7000000768
7000000769
7000000781
7000000782
7000000783
7000000784
7000000785
7000000786
7000000789
7000000791
7000000792
7000000793
7000000794
7000000795
7000000796
7000000798
7000000812
7000000813
7000000814
7000000815
7000000816
7000000817
7000000819
7000000821
7000000823
7000000824
7000000825
7000000826
7000000827
7000000829
7000000831
7000000832
7000000834
7000000835
7000000836
7000000837
7000000839
7000000841
7000000842
7000000843
7000000845
7000000846
7000000847
7000000849
7000000851
7000000852
7000000853
7000000854
7000000856
7000000857
7000000859
7000000861
7000000862
7000000863
7000000864
7000000865
7000000867
7000000869
7000000871
7000000872
7000000873
7000000874
7000000875
7000000876
7000000879
7000000891
7000000892
7000000893
7000000894
7000000895
7000000896
7000000897
7000000912
7000000913
7000000914
7000000915
7000000916
7000000917
7000000918
7000000921
7000000923
7000000924
7000000925
7000000926
7000000927
7000000928
7000000931
7000000932
7000000934
7000000935
7000000936
7000000937
7000000938
7000000941
7000000942
7000000943
7000000945
7000000946
7000000947
7000000948
7000000951
7000000952
7000000953
7000000954
7000000956
7000000957
7000000958
7000000961
7000000962
7000000963
7000000964
7000000965
7000000967
7000000968
7000000971
7000000972
7000000973
7000000974
7000000975
7000000976
7000000978
7000000981
7000000982
7000000983
7000000984
7000000985
7000000986
7000000987
