7000000102
7000000103
7000000104
7000000105
7000000106
7000000107
7000000108
7000000109
7000000121
7000000131
7000000141
7000000151
7000000161
7000000171
7000000181
7000000191
7000000201
7000000203
7000000204
7000000205
7000000206
7000000207
7000000208
7000000209
7000000212
7000000232
7000000242
7000000252
7000000262
7000000272
7000000282
7000000292
7000000301
7000000302
7000000304
7000000305
7000000306
7000000307
7000000308
7000000309
7000000313
7000000323
7000000343
7000000353
7000000363
7000000373
7000000383
7000000393
7000000401
7000000402
7000000403
7000000405
7000000406
7000000407
7000000408
7000000409
7000000414
7000000424
7000000434
7000000454
7000000464
7000000474
7000000484
7000000494
7000000501
7000000502
7000000503
7000000504
7000000506
7000000507
7000000508
7000000509
7000000515
7000000525
7000000535
7000000545
7000000565
7000000575
7000000585
7000000595
7000000601
7000000602
7000000603
7000000604
7000000605
7000000607
7000000608
7000000609
7000000616
7000000626
7000000636
7000000646
7000000656
7000000676
7000000686
7000000696
7000000701
7000000702
7000000703
7000000704
7000000705
7000000706
7000000708
7000000709
7000000717
7000000727
7000000737
7000000747
7000000757
7000000767
7000000787
7000000797
7000000801
7000000802
7000000803
7000000804
7000000805
7000000806
7000000807
7000000809
7000000818
7000000828
7000000838
7000000848
7000000858
7000000868
7000000878
7000000898
7000000901
7000000902
7000000903
7000000904
7000000905
7000000906
7000000907
7000000908
7000000919
7000000929
7000000939
7000000949
7000000959
7000000969
7000000979
7000000989
