7000000010
7000000012
7000000013
7000000014
7000000015
7000000016
7000000017
7000000018
7000000019
7000000020
7000000021
7000000023
7000000024
7000000025
7000000026
7000000027
7000000028
7000000029
7000000030
7000000031
7000000032
7000000034
7000000035
7000000036
7000000037
7000000038
7000000039
7000000040
7000000041
7000000042
7000000043
7000000045
7000000046
7000000047
7000000048
7000000049
7000000050
7000000051
7000000052
7000000053
7000000054
7000000056
7000000057
7000000058
7000000059
7000000060
7000000061
7000000062
7000000063
7000000064
7000000065
7000000067
7000000068
7000000069
7000000070
7000000071
7000000072
7000000073
7000000074
7000000075
7000000076
7000000078
7000000079
7000000080
7000000081
7000000082
7000000083
7000000084
7000000085
7000000086
7000000087
7000000089
7000000090
7000000091
7000000092
7000000093
7000000094
7000000095
7000000096
7000000097
7000000098
