7000000100
7000000101
7000000110
7000000112
7000000113
7000000114
7000000115
7000000116
7000000117
7000000118
7000000119
7000000120
7000000122
7000000130
7000000133
7000000140
7000000144
7000000150
7000000155
7000000160
7000000166
7000000170
7000000177
7000000180
7000000188
7000000190
7000000199
7000000200
7000000202
7000000210
7000000211
7000000220
7000000221
7000000223
7000000224
7000000225
7000000226
7000000227
7000000228
7000000229
7000000230
7000000233
7000000240
7000000244
7000000250
7000000255
7000000260
7000000266
7000000270
7000000277
7000000280
7000000288
7000000290
7000000299
7000000300
7000000303
7000000310
7000000311
7000000320
7000000322
7000000330
7000000331
7000000332
7000000334
7000000335
7000000336
7000000337
7000000338
7000000339
7000000340
7000000344
7000000350
7000000355
7000000360
7000000366
7000000370
7000000377
7000000380
7000000388
7000000390
7000000399
7000000400
7000000404
7000000410
7000000411
7000000420
7000000422
7000000430
7000000433
7000000440
7000000441
7000000442
7000000443
7000000445
7000000446
7000000447
7000000448
7000000449
7000000450
7000000455
7000000460
7000000466
7000000470
7000000477
7000000480
7000000488
7000000490
7000000499
7000000500
7000000505
7000000510
7000000511
7000000520
7000000522
7000000530
7000000533
7000000540
7000000544
7000000550
7000000551
7000000552
7000000553
7000000554
7000000556
7000000557
7000000558
7000000559
7000000560
7000000566
7000000570
7000000577
7000000580
7000000588
7000000590
7000000599
7000000600
7000000606
7000000610
7000000611
7000000620
7000000622
7000000630
7000000633
7000000640
7000000644
7000000650
7000000655
7000000660
7000000661
7000000662
7000000663
7000000664
7000000665
7000000667
7000000668
7000000669
7000000670
7000000677
7000000680
7000000688
7000000690
7000000699
7000000700
7000000707
7000000710
7000000711
7000000720
7000000722
7000000730
7000000733
7000000740
7000000744
7000000750
7000000755
7000000760
7000000766
7000000770
7000000771
7000000772
7000000773
7000000774
7000000775
7000000776
7000000778
7000000779
7000000780
7000000788
7000000790
7000000799
7000000800
7000000808
7000000810
7000000811
7000000820
7000000822
7000000830
7000000833
7000000840
7000000844
7000000850
7000000855
7000000860
7000000866
7000000870
7000000877
7000000880
7000000881
7000000882
7000000883
7000000884
7000000885
7000000886
7000000887
7000000889
7000000890
7000000899
7000000900
7000000909
7000000910
7000000911
7000000920
7000000922
7000000930
7000000933
7000000940
7000000944
7000000950
7000000955
7000000960
7000000966
7000000970
7000000977
7000000980
7000000988
7000000990
7000000991
7000000992
7000000993
7000000994
7000000995
7000000996
7000000997
7000000998
7000001000
