7086350001
7086350002
7086350003
7086350004
7086350005
7086350006
7086350007
7086350008
7086350009
7086350011
7086350022
7086350033
7086350044
7086350055
7086350077
7086350088
7086350099
7086350101
7086350110
7086350202
7086350220
7086350303
7086350333
7086350404
7086350440
7086350505
7086350555
7086350635
7086350666
7086350707
7086350770
7086350808
7086350880
7086350909
7086350990
7086351001
7086351010
7086351100
7086351110
7086351111
7086351112
7086351113
7086351114
7086351115
7086351116
7086351117
7086351118
7086351119
7086351122
7086351133
7086351144
7086351155
7086351177
7086351188
7086351199
7086351212
7086351221
7086351313
7086351333
7086351414
7086351441
7086351515
7086351555
7086351635
7086351666
7086351717
7086351771
7086351818
7086351881
7086351919
7086351991
7086352002
7086352020
7086352112
7086352121
7086352200
7086352211
7086352220
7086352221
7086352222
7086352223
7086352224
7086352225
7086352226
7086352227
7086352228
7086352229
7086352233
7086352244
7086352255
7086352277
7086352288
7086352299
7086352323
7086352333
7086352424
7086352442
7086352525
7086352555
7086352635
7086352666
7086352727
7086352772
7086352828
7086352882
7086352929
7086352992
7086353303
7086353313
7086353323
7086353330
7086353331
7086353332
7086353334
7086353337
7086353338
7086353339
7086353343
7086353353
7086353355
7086353373
7086353383
7086353393
7086353535
7086353553
7086353635
7086353636
7086354004
7086354040
7086354114
7086354141
7086354224
7086354242
7086354333
7086354343
7086354400
7086354411
7086354422
7086354433
7086354440
7086354441
7086354442
7086354443
7086354444
7086354445
7086354446
7086354447
7086354448
7086354449
7086354455
7086354477
7086354488
7086354499
7086354545
7086354555
7086354635
7086354666
7086354747
7086354774
7086354848
7086354884
7086354949
7086354994
7086355050
7086355055
7086355151
7086355155
7086355252
7086355255
7086355335
7086355454
7086355455
7086355530
7086355531
7086355532
7086355534
7086355535
7086355537
7086355538
7086355539
7086355550
7086355551
7086355552
7086355554
7086355557
7086355558
7086355559
7086355563
7086355565
7086355635
7086355656
7086355665
7086355666
7086355755
7086355757
7086355855
7086355858
7086355955
7086355959
7086356355
7086356565
7086356635
7086356636
7086356656
7086357007
7086357070
7086357117
7086357171
7086357227
7086357272
7086357333
7086357373
7086357447
7086357474
7086357555
7086357575
7086357635
7086357666
7086357700
7086357711
7086357722
7086357733
7086357744
7086357755
7086357770
7086357771
7086357772
7086357773
7086357774
7086357775
7086357776
7086357777
7086357778
7086357779
7086357788
7086357799
7086357878
7086357887
7086357979
7086357997
7086358008
7086358080
7086358118
7086358181
7086358228
7086358282
7086358333
7086358383
7086358448
7086358484
7086358555
7086358585
7086358635
7086358666
7086358778
7086358787
7086358800
7086358811
7086358822
7086358833
7086358844
7086358855
7086358877
7086358880
7086358881
7086358882
7086358883
7086358884
7086358885
7086358886
7086358887
7086358888
7086358889
7086358899
7086358989
7086358998
7086359009
7086359090
7086359119
7086359191
7086359229
7086359292
7086359333
7086359393
7086359449
7086359494
7086359555
7086359595
7086359635
7086359666
7086359779
7086359797
7086359889
7086359898
7086359900
7086359911
7086359922
7086359933
7086359944
7086359955
7086359977
7086359988
7086359990
7086359991
7086359992
7086359993
7086359994
7086359995
7086359996
7086359997
7086359998
7086359999
