7086350000
7086350111
7086350222
7086350444
7086350777
7086350888
7086350999
7086351000
7086351222
7086351444
7086351777
7086351888
7086351999
7086352000
7086352111
7086352444
7086352777
7086352888
7086352999
7086353000
7086353333
7086353363
7086353533
7086353555
7086353633
7086353666
7086354000
7086354111
7086354222
7086354777
7086354888
7086354999
7086355000
7086355111
7086355222
7086355333
7086355353
7086355355
7086355444
7086355500
7086355501
7086355502
7086355503
7086355504
7086355505
7086355506
7086355507
7086355508
7086355509
7086355510
7086355511
7086355512
7086355513
7086355514
7086355515
7086355516
7086355517
7086355518
7086355519
7086355520
7086355521
7086355522
7086355523
7086355524
7086355525
7086355526
7086355527
7086355528
7086355529
7086355536
7086355540
7086355541
7086355542
7086355543
7086355544
7086355545
7086355546
7086355547
7086355548
7086355549
7086355570
7086355571
7086355572
7086355573
7086355574
7086355575
7086355576
7086355577
7086355578
7086355579
7086355580
7086355581
7086355582
7086355583
7086355584
7086355585
7086355586
7086355587
7086355588
7086355589
7086355590
7086355591
7086355592
7086355593
7086355594
7086355595
7086355596
7086355597
7086355598
7086355599
7086355655
7086355777
7086355888
7086355999
7086356333
7086356336
7086356363
7086356555
7086356633
7086356663
7086356665
7086356666
7086357000
7086357111
7086357222
7086357444
7086357888
7086357999
7086358000
7086358111
7086358222
7086358444
7086358777
7086358999
7086359000
7086359111
7086359222
7086359444
7086359777
7086359888
