7089829644
7089829702
7089991004
7132736590
7132736690
7172469691
7172625160
7172625180
7172626572
7172626601
7172781172
7172784839
7172785345
7182781230
7182781278
7182781686
7182781874
7182781912
7182781955
7182782169
7182782189
7182783179
7182783938
7182784035
7182784039
7212974676
7232910271
7232910474
7252975131
7252975712
7272969969
7273171096
7273171372
7273171388
7273171622
7273171702
7273171976
7273172147
7273172464
7273172602
7273172950
7273177872
7273178839
7273270228
7273270595
7273270596
7273270664
7273270675
7273270684
7273274796
7273280193
7273281484
7273283464
7273286129
7273288258
7273288431
7273292786
7273299746
7273540433
7273542612
7273542620
7273543051
7273543172
7273544183
7273547158
7273670435
